0 0.4711926605504587 0.6036697247706422 0.07633027522935777 0.6238532110091743
0 0.6011009174311926 0.34862385321100914 0.057247706422018256 0.12110091743119267
0 0.10862385321100917 0.3431192660550459 0.06165137614678901 0.10275229357798167
0 0.818348623853211 0.8605504587155963 0.0777981651376146 0.110091743119266
9 0.21431192660550458 0.41834862385321103 0.020550458715596312 0.05504587155963307
9 0.23486238532110093 0.43211009174311926 0.03816513761467892 0.04587155963302756
9 0.31266055045871555 0.8981651376146789 0.026422018348623837 0.04587155963302763
9 0.3346788990825688 0.9027522935779817 0.035229357798165176 0.047706422018348606
9 0.7001834862385321 0.9009174311926605 0.02935779816513758 0.044036697247706515
9 0.7207339449541285 0.8990825688073394 0.03522935779816521 0.04036697247706428
9 0.893211009174312 0.9055045871559634 0.024954128440366787 0.05688073394495405
9 0.9100917431192661 0.9036697247706422 0.02348623853211009 0.03853211009174316
9 0.5218348623853211 0.27064220183486243 0.07192660550458718 0.045871559633027525
0 0.15559633027522934 0.865137614678899 0.06165137614678898 0.11192660550458726
13 0.27743119266055044 0.708256880733945 0.026422018348623837 0.02568807339449549
13 0.3097247706422018 0.4733944954128441 0.023486238532110057 0.044036697247706445
9 0.05944954128440367 0.3660550458715596 0.03082568807339449 0.04587155963302756
9 0.6018348623853211 0.26697247706422017 0.05284403669724774 0.053211009174311916
9 0.2620183486238532 0.5798165137614679 0.0337614678899083 0.051376146788990835
0 0.04330275229357799 0.5752293577981651 0.06018348623853211 0.06788990825688074
13 0.09541284403669727 0.4669724770642202 0.029357798165137616 0.03486238532110093
12 0.2201834862385321 0.5614678899082568 0.038165137614678886 0.018348623853211024
11 0.19155963302752294 0.33669724770642206 0.07779816513761467 0.04220183486238529
11 0.05651376146788991 0.6559633027522936 0.06605504587155962 0.027522935779816463
11 0.055045871559633024 0.6825688073394494 0.07779816513761469 0.018348623853211024
11 0.055779816513761474 0.7733944954128441 0.07339449541284403 0.023853211009174372
11 0.055045871559633024 0.8027522935779817 0.08073394495412843 0.03853211009174316
11 0.2634862385321101 0.8229357798165138 0.07779816513761467 0.031192660550458697
10 0.7346788990825688 0.8211009174311927 0.04844036697247702 0.10458715596330279
10 0.9438532110091742 0.8266055045871559 0.0587155963302753 0.11926605504587158
13 0.9269724770642201 0.6357798165137615 0.02495412844036707 0.02385321100917423
12 0.9262385321100917 0.6137614678899083 0.03522935779816507 0.012844036697247745
6 0.9181651376146789 0.5880733944954128 0.027889908256880744 0.023853211009174303
6 0.32807339449541284 0.49449541284403664 0.022018348623853223 0.02018348623853207
6 0.2693577981651376 0.6541284403669725 0.03082568807339449 0.031192660550458697
