0 0.6928440366972477 0.4743119266055046 0.07633027522935777 0.10458715596330265
0 0.49174311926605496 0.8944954128440367 0.14091743119266048 0.08623853211009176
0 0.7625688073394495 0.8807339449541286 0.07192660550458697 0.110091743119266
9 0.591559633027523 0.9036697247706422 0.03522935779816514 0.08623853211009191
9 0.6099082568807339 0.918348623853211 0.03669724770642205 0.05321100917431181
9 0.9277064220183486 0.9137614678899084 0.03229357798165125 0.04403669724770637
9 0.9423853211009174 0.9165137614678899 0.02348623853211009 0.03853211009174316
13 0.9020183486238532 0.8027522935779817 0.03963302752293572 0.023853211009174372
13 0.8521100917431192 0.7587155963302752 0.03376146788990837 0.023853211009174372
6 0.8455045871559633 0.7311926605504587 0.02642201834862391 0.027522935779816605
6 0.8961467889908258 0.7788990825688075 0.02495412844036693 0.02018348623853214
6 0.8396330275229357 0.8357798165137615 0.020550458715596135 0.031192660550458697
13 0.819816513761468 0.8100917431192661 0.02495412844036693 0.03853211009174331
13 0.3258715596330275 0.5651376146788991 0.04990825688073393 0.025688073394495418
13 0.4961467889908257 0.48623853211009177 0.02935779816513758 0.04036697247706428
13 0.5438532110091744 0.4853211009174312 0.033761467889908164 0.03486238532110093
9 0.368440366972477 0.42935779816513764 0.046972477064220114 0.047706422018348606
13 0.36183486238532114 0.30458715596330277 0.02495412844036693 0.04036697247706421
13 0.32293577981651383 0.16788990825688074 0.044036697247706445 0.023853211009174303
9 0.39633027522935776 0.8963302752293578 0.05577981651376142 0.04954128440366972
9 0.3552293577981651 0.8321100917431192 0.0411009174311927 0.03853211009174316
9 0.23266055045871561 0.7137614678899082 0.04256880733944954 0.03302752293577981
9 0.7596330275229357 0.8018348623853211 0.04844036697247702 0.051376146788990835
13 0.7633027522935779 0.5155963302752293 0.041100917431192555 0.022018348623853184
11 0.11669724770642201 0.5926605504587156 0.0689908256880734 0.02935779816513765
11 0.03155963302752294 0.5919266027048093 0.06311926605504588 0.030825693672950082
11 0.10128440366972477 0.24128440366972476 0.07339449541284405 0.03119266055045873
11 0.10055045871559633 0.27155963302752295 0.06899082568807338 0.03302752293577981
11 0.4007339449541284 0.27339449541284405 0.07633027522935777 0.03302752293577981
11 0.4807339449541284 0.2311926605504587 0.08366972477064223 0.029357798165137616
11 0.6297247706422019 0.2403669724770642 0.07926605504587152 0.03669724770642201
11 0.9291743119266056 0.4119266055045872 0.06458715596330279 0.03486238532110093
10 0.8442201834862385 0.2211009174311927 0.311559633027523 0.24770642201834864
9 0.7596330275229357 0.7311926605504587 0.033761467889908234 0.04954128440366972
11 0.8205504587155963 0.5926605504587156 0.07045871559633028 0.044036697247706445
10 0.19743119266055045 0.5357798165137615 0.0836697247706422 0.16146788990825683
