0 0.21944954128440364 0.43486238532110094 0.07779816513761467 0.19816513761467888
0 0.32587155963302755 0.42752293577981654 0.07339449541284399 0.19449541284403665
0 0.42568807339449544 0.4293577981651376 0.06165137614678898 0.18715596330275225
0 0.5262385321100918 0.42660550458715596 0.07192660550458711 0.19266055045871552
0 0.6260550458715596 0.43211009174311926 0.06899082568807352 0.1889908256880733
0 0.725137614678899 0.4293577981651376 0.0733944954128441 0.18715596330275225
0 0.8308256880733945 0.4311926605504587 0.0733944954128441 0.18715596330275225
8 0.2194495412844037 0.28715596330275234 0.07486238532110093 0.04220183486238529
8 0.21871559633027524 0.3192660550458716 0.07633027522935784 0.025688073394495383
8 0.32220183486238535 0.28807339449541286 0.08073394495412842 0.03302752293577981
8 0.3280733944954129 0.318348623853211 0.07779816513761464 0.023853211009174338
8 0.430091743119266 0.2889908256880734 0.07633027522935784 0.03486238532110093
8 0.42715596330275235 0.3174311926605505 0.07633027522935777 0.02935779816513758
8 0.5211009174311926 0.28807339449541286 0.08220183486238525 0.03669724770642201
8 0.5262385321100918 0.3155963302752294 0.08073394495412842 0.022018348623853223
8 0.6297247706422019 0.28990825688073396 0.07926605504587152 0.03302752293577981
8 0.6267889908256882 0.3165137614678899 0.06752293577981654 0.020183486238532104
8 0.7244036697247707 0.2908256880733945 0.07486238532110093 0.03119266055045873
8 0.7236697247706423 0.31467889908256885 0.06752293577981647 0.016513761467889944
8 0.8256880733944953 0.28623853211009176 0.08073394495412842 0.03302752293577981
8 0.8256880733944953 0.3174311926605505 0.07192660550458711 0.018348623853211024
8 0.916697247706422 0.20366972477064224 0.07486238532110093 0.029357798165137616
8 0.07412844036697247 0.1981651376146789 0.06899082568807341 0.018348623853211024
8 0.0689908256880734 0.22201834862385322 0.07045871559633028 0.022018348623853184
8 0.06825688073394495 0.26330275229357797 0.06899082568807341 0.023853211009174303
8 0.07119266055045871 0.28715596330275234 0.07486238532110093 0.023853211009174338
8 0.11009174311926605 0.4752293577981652 0.07926605504587154 0.025688073394495418
8 0.11009174311926608 0.5036697247706422 0.07339449541284404 0.031192660550458627
8 0.11889908256880734 0.5660550458715596 0.06752293577981654 0.02385321100917423
8 0.11743119266055047 0.591743119266055 0.06165137614678901 0.031192660550458697
0 0.06605504587155962 0.671559633027523 0.0675229357798165 0.09174311926605505
0 0.07706422018348624 0.8871559633027524 0.06311926605504588 0.11192660550458726
11 0.060183486238532105 0.808256880733945 0.06458715596330275 0.03486238532110107
11 0.8146788990825687 0.6082568807339449 0.06752293577981647 0.042201834862385254
0 0.9203669724770642 0.6165137614678899 0.07045871559633028 0.10642201834862391
11 0.9211009174311926 0.7275229357798164 0.06899082568807344 0.031192660550458554
11 0.9159633027522935 0.7550458715596331 0.07339449541284396 0.027522935779816463
11 0.9313761467889908 0.8688073394495412 0.06311926605504596 0.14128440366972483
9 0.8704587155963303 0.9174311926605505 0.03522935779816521 0.06238532110091739
9 0.8880733944954128 0.9183486238532111 0.026422018348623767 0.05688073394495419
9 0.13504587155963305 0.918348623853211 0.0293577981651376 0.049541284403669866
9 0.1526605504587156 0.9165137614678899 0.020550458715596312 0.04587155963302763
13 0.055045871559633024 0.7477064220183486 0.019082568807339443 0.03853211009174316
13 0.08733944954128439 0.7458715596330275 0.022018348623853202 0.0422018348623854
13 0.11229357798165138 0.7880733944954129 0.027889908256880744 0.027522935779816463
13 0.053577981651376144 0.3862385321100918 0.039633027522935786 0.023853211009174372
13 0.06972477064220184 0.3119266055045872 0.042568807339449545 0.022018348623853257
13 0.2414678899082569 0.5798165137614679 0.03669724770642205 0.022018348623853257
13 0.35376146788990825 0.5788990825688073 0.03522935779816514 0.02018348623853207
13 0.44990825688073394 0.581651376146789 0.03669724770642205 0.022018348623853257
13 0.5504587155963303 0.5798165137614678 0.03522935779816514 0.018348623853211024
13 0.6524770642201836 0.5798165137614678 0.03963302752293579 0.018348623853211024
13 0.7471559633027524 0.5798165137614679 0.041100917431192555 0.022018348623853257
11 0.17027522935779818 0.7559633027522936 0.08220183486238535 0.03302752293577981
6 0.3368807339449542 0.534862385321101 0.027889908256880674 0.02018348623853207
6 0.43596330275229356 0.5339449541284403 0.032293577981651396 0.014678899082568862
6 0.5379816513761467 0.5330275229357798 0.033761467889908164 0.016513761467889906
6 0.7390825688073395 0.5321100917431193 0.03669724770642205 0.018348623853211024
6 0.04477064220183486 0.43394495412844036 0.02495412844036697 0.02018348623853214
6 0.8763302752293578 0.27981651376146793 0.017614678899082463 0.03119266055045873
13 0.8939449541284403 0.23394495412844038 0.05284403669724767 0.023853211009174303
12 0.0689908256880734 0.32935779816513766 0.046972477064220176 0.012844036697247674
12 0.06165137614678899 0.408256880733945 0.03229357798165137 0.012844036697247745
12 0.24513761467889908 0.553211009174312 0.041100917431192666 0.02018348623853207
12 0.35376146788990825 0.555045871559633 0.02935779816513765 0.012844036697247745
12 0.449908256880734 0.5568807339449541 0.045504587155963276 0.023853211009174372
12 0.5497247706422018 0.5568807339449541 0.02495412844036693 0.012844036697247674
12 0.6466055045871559 0.553211009174312 0.016146788990825625 0.009174311926605583
12 0.750091743119266 0.5541284403669724 0.03522935779816521 0.018348623853211024
12 0.8829357798165138 0.25504587155963304 0.019082568807339443 0.01467889908256879
10 0.4968807339449542 0.8211009174311927 0.4007339449541284 0.20733944954128447
