0 0.4220183486238532 0.6018348623853211 0.06018348623853214 0.10275229357798167
0 0.813211009174312 0.2376146788990826 0.06458715596330279 0.10458715596330276
9 0.16073394495412846 0.9137614678899084 0.027889908256880744 0.04403669724770637
9 0.18055045871559636 0.9119266055045873 0.035229357798165176 0.04036697247706414
9 0.3889908256880734 0.7807339449541284 0.06458715596330272 0.05688073394495405
9 0.4293577981651376 0.8541284403669726 0.057247706422018325 0.05688073394495405
9 0.4623853211009174 0.9119266055045873 0.04697247706422026 0.04036697247706414
9 0.904954128440367 0.9174311926605505 0.030825688073394558 0.047706422018348744
9 0.9277064220183486 0.9211009174311927 0.03229357798165125 0.03669724770642205
9 0.6165137614678899 0.6376146788990826 0.032293577981651465 0.04587155963302763
13 0.43082568807339455 0.3339449541284404 0.019082568807339512 0.047706422018348606
13 0.9834862385321101 0.45504587155963305 0.02348623853210995 0.03302752293577981
13 0.6040366972477064 0.33853211009174317 0.016146788990825698 0.038532110091743094
11 0.326605504587156 0.11192660550458715 0.08073394495412842 0.03669724770642203
11 0.32513761467889907 0.1577981651376147 0.06605504587155962 0.0330275229357798
13 0.4036697247706422 0.2119266055045872 0.044036697247706445 0.0275229357798165
11 0.5012844036697248 0.1559633027522936 0.08660550458715605 0.03669724770642201
11 0.5093577981651376 0.41651376146788993 0.07633027522935777 0.044036697247706445
11 0.3838532110091743 0.4238532110091744 0.08954128440366972 0.03669724770642198
11 0.6524770642201836 0.28532110091743124 0.074862385321101 0.038532110091743094
11 0.9379816513761469 0.7770642201834863 0.07633027522935791 0.042201834862385254
6 0.9416513761467891 0.4284403669724771 0.033761467889908234 0.023853211009174372
6 0.6187155963302753 0.3642201834862385 0.030825688073394416 0.02018348623853207
6 0.4462385321100918 0.3596330275229358 0.026422018348623837 0.018348623853211024
12 0.45724770642201834 0.33853211009174317 0.022018348623853184 0.02018348623853207
12 0.4080733944954129 0.18440366972477065 0.026422018348623837 0.023853211009174303
12 0.6282568807339449 0.34036697247706427 0.026422018348623837 0.023853211009174303
12 0.9541284403669724 0.4522935779816514 0.02348623853211009 0.012844036697247674
11 0.7801834862385322 0.11834862385321103 0.07486238532110093 0.03486238532110091
