0 0.3190130934354681 0.5559633027522937 0.2202903714260265 0.42935779816513764
13 0.5768344170303732 0.5275229357798166 0.11911997862296253 0.14862385321100915
13 0.5752026365012916 0.6990825688073394 0.12891066179745259 0.15412844036697243
9 0.7114563106796116 0.5504587155963303 0.11748819809388067 0.11376146788990824
9 0.7139039814732341 0.7275229357798164 0.11259285650663571 0.1009174311926607
12 0.1150405273002583 0.4651376146788991 0.12564710073928922 0.06055045871559635
12 0.314117751848223 0.31100917431192665 0.14196490603010598 0.04954128440366972
10 0.694322615124254 0.8064220183486239 0.1093292954484724 0.042201834862385254
10 0.6967702859178765 0.4651376146788991 0.10769751491939075 0.05321100917431188
10 0.85586888750334 0.5559633027522937 0.1680733944954129 0.06972477064220187
10 0.8599483388260443 0.7192660550458715 0.1697051750244944 0.047706422018348606
