0 0.2679401784592183 0.2541284403669725 0.07057936408194042 0.3357798165137615
0 0.47967827070503966 0.3871559633027523 0.03136860625864017 0.08807339449541289
0 0.6208369988689205 0.3091743119266055 0.14638682920698756 0.12293577981651378
0 0.9423652130199823 0.23211009174311925 0.07057936408194038 0.28807339449541286
0 0.8378031921578484 0.22935779816513766 0.12024632399145417 0.08073394495412846
0 0.8404172426794019 0.33853211009174317 0.12547442503456097 0.06788990825688078
6 0.7071006660801811 0.9201834862385322 0.2770893552846551 0.03853211009174316
6 0.26924720371999494 0.6036697247706422 0.32152821415106186 0.04036697247706428
6 0.4234761844916426 0.7220183486238533 0.020912404172426804 0.2660550458715597
6 0.2607515395249466 0.9128440366972478 0.1372376523815508 0.023853211009174372
6 0.19343973859494784 0.8495412844036698 0.15684303129320099 0.04036697247706414
6 0.1771019228352394 0.4889908256880734 0.15292195551087093 0.06055045871559628
0 0.32022118889028534 0.47706422018348627 0.1307025260776675 0.07706422018348619
11 0.730627120774161 0.4238532110091744 0.04182480834485361 0.044036697247706445
11 0.7319341460349378 0.46146788990825693 0.04182480834485346 0.031192660550458697
11 0.7299736081437729 0.4981651376146789 0.043131833605630304 0.027522935779816463
0 0.3868794771898957 0.8926605504587155 0.03398265678019356 0.08623853211009176
7 0.17383435968329772 0.9192660550458714 0.08364961668970718 0.051376146788990835
7 0.8972728415231872 0.9045871559633027 0.1137111976875707 0.09541284403669721
7 0.4496166897071761 0.47889908256880737 0.12808847555611408 0.09908256880733944
7 0.6227975367600854 0.4660550458715596 0.168606258640191 0.12477064220183486
7 0.4554983033806711 0.22935779816513763 0.11632524820912409 0.11009174311926608
