0 0.4711926605504587 0.6036697247706422 0.07633027522935777 0.6238532110091743
0 0.6011009174311926 0.34862385321100914 0.057247706422018256 0.12110091743119267
0 0.10862385321100917 0.3431192660550459 0.06165137614678901 0.10275229357798167
0 0.818348623853211 0.8605504587155963 0.0777981651376146 0.110091743119266
0 0.15559633027522934 0.865137614678899 0.06165137614678898 0.11192660550458726
14 0.27743119266055044 0.708256880733945 0.026422018348623837 0.02568807339449549
14 0.3097247706422018 0.4733944954128441 0.023486238532110057 0.044036697247706445
0 0.04330275229357799 0.5752293577981651 0.06018348623853211 0.06788990825688074
14 0.09541284403669727 0.4669724770642202 0.029357798165137616 0.03486238532110093
13 0.2201834862385321 0.5614678899082568 0.038165137614678886 0.018348623853211024
11 0.19155963302752294 0.33669724770642206 0.07779816513761467 0.04220183486238529
11 0.05651376146788991 0.6559633027522936 0.06605504587155962 0.027522935779816463
11 0.055045871559633024 0.6825688073394494 0.07779816513761469 0.018348623853211024
11 0.055779816513761474 0.7733944954128441 0.07339449541284403 0.023853211009174372
11 0.055045871559633024 0.8027522935779817 0.08073394495412843 0.03853211009174316
11 0.2634862385321101 0.8229357798165138 0.07779816513761467 0.031192660550458697
10 0.7346788990825688 0.8211009174311927 0.04844036697247702 0.10458715596330279
10 0.9438532110091742 0.8266055045871559 0.0587155963302753 0.11926605504587158
14 0.9269724770642201 0.6357798165137615 0.02495412844036707 0.02385321100917423
13 0.9262385321100917 0.6137614678899083 0.03522935779816507 0.012844036697247745
5 0.9181651376146789 0.5880733944954128 0.027889908256880744 0.023853211009174303
5 0.32807339449541284 0.49449541284403664 0.022018348623853223 0.02018348623853207
5 0.2693577981651376 0.6541284403669725 0.03082568807339449 0.031192660550458697
12 0.11449541284403669 0.3467889908256881 0.10275229357798164 0.12844036697247707
12 0.818348623853211 0.863302752293578 0.09541284403669721 0.1376146788990826
12 0.16587155963302752 0.863302752293578 0.09100917431192661 0.13027522935779828
12 0.5335779816513763 0.601834862385321 0.22458715596330286 0.6495412844036695
8 0.21651376146788992 0.42660550458715596 0.0337614678899083 0.04587155963302749
8 0.23779816513761468 0.41926605504587156 0.026422018348623837 0.04587155963302749
8 0.8924770642201836 0.9064220183486239 0.026422018348623767 0.044036697247706515
8 0.9152293577981652 0.9027522935779817 0.022018348623853257 0.02568807339449535
8 0.7031192660550459 0.9009174311926605 0.03522935779816507 0.05871559633027516
8 0.7295412844036697 0.9082568807339451 0.03229357798165125 0.04403669724770637
8 0.31266055045871555 0.8954128440366972 0.041100917431192624 0.047706422018348606
8 0.3368807339449541 0.8981651376146789 0.042568807339449496 0.03486238532110079
14 0.15192660550458714 0.7788990825688075 0.022018348623853184 0.03486238532110107
7 0.5181651376146789 0.27155963302752295 0.07633027522935784 0.04770642201834864
