0 0.12023681738897088 0.5680933852140078 0.06292768012880717 0.4708171206225682
13 0.10506675164363344 0.31712062256809337 0.034834965785589686 0.03112840466926066
14 0.9399822219240573 0.7772373540856031 0.06629880584999327 0.07976653696498047
13 0.45678753522071647 0.11089494163424124 0.05506172011270628 0.04280155642023347
13 0.5798336240440091 0.11575875486381325 0.04494834294914796 0.0330739299610895
13 0.7118693814571313 0.11186770428015565 0.046072051522876765 0.03696498054474709
13 0.8601989131893197 0.23735408560311286 0.03708238293304717 0.050583657587548674
13 0.9495337448007513 0.45233463035019456 0.04719576009660543 0.056420233463035034
13 0.7601888501274655 0.41147859922178986 0.05281430296524903 0.033073929961089446
13 0.7658073929961088 0.44747081712062253 0.04831946867033409 0.03501945525291823
13 0.45622568093385213 0.6293774319066148 0.05393801153897755 0.033073929961089446
13 0.28205085200590363 0.45330739299610895 0.053938011538977586 0.062256809338521395
14 0.21912317187709646 0.7752918287937743 0.05618542868643498 0.1342412451361868
14 0.41745773514021195 0.2928015564202335 0.07304105729236547 0.09922178988326849
14 0.5343234268079968 0.2928015564202335 0.05730913726016361 0.08365758754863808
14 0.666359184221119 0.29669260700389105 0.0696699315711794 0.09922178988326845
6 0.6478179927545955 0.7772373540856031 0.5405038239635046 0.029182879377431872
6 0.939420367637193 0.6974708171206225 0.020226754327116653 0.1575875486381323
6 0.9529048705219375 0.6167315175097277 0.08989668589829605 0.03501945525291823
6 0.82536394740373 0.5846303501945525 0.043824634375419294 0.3482490272373541
6 0.892786461827452 0.5797665369649806 0.03483496578558956 0.32295719844357973
6 0.7315342814973834 0.6215953307392996 0.16181403461693278 0.03696498054474702
6 0.6624262042130685 0.36186770428015563 0.02584529719576011 0.5564202334630349
6 0.5337615725211324 0.25 0.026969005769488776 0.3249027237354085
6 0.41352475513216147 0.433852140077821 0.024721588622031377 0.7003891050583658
6 0.35846303501945526 0.8015564202334631 0.05393801153897762 0.35019455252918286
6 0.27643230913726013 0.8054474708171206 0.040453508654233195 0.34630350194552534
6 0.5348852810948611 0.6867704280155642 0.029216422916946243 0.1828793774319067
6 0.5326378639474036 0.5583657587548639 0.21350462900845293 0.07782101167315168
6 0.5348852810948611 0.43190661478599224 0.2179994633033678 0.07392996108949411
12 0.11012344022541257 0.5690661478599222 0.15282436602710317 0.5505836575875486
