0 0.6928440366972477 0.4743119266055046 0.07633027522935777 0.10458715596330265
0 0.49174311926605496 0.8944954128440367 0.14091743119266048 0.08623853211009176
0 0.7625688073394495 0.8807339449541286 0.07192660550458697 0.110091743119266
14 0.9020183486238532 0.8027522935779817 0.03963302752293572 0.023853211009174372
14 0.8521100917431192 0.7587155963302752 0.03376146788990837 0.023853211009174372
5 0.8455045871559633 0.7311926605504587 0.02642201834862391 0.027522935779816605
5 0.8961467889908258 0.7788990825688075 0.02495412844036693 0.02018348623853214
5 0.8396330275229357 0.8357798165137615 0.020550458715596135 0.031192660550458697
14 0.819816513761468 0.8100917431192661 0.02495412844036693 0.03853211009174331
14 0.3258715596330275 0.5651376146788991 0.04990825688073393 0.025688073394495418
14 0.4961467889908257 0.48623853211009177 0.02935779816513758 0.04036697247706428
14 0.5438532110091744 0.4853211009174312 0.033761467889908164 0.03486238532110093
14 0.36183486238532114 0.30458715596330277 0.02495412844036693 0.04036697247706421
14 0.32293577981651383 0.16788990825688074 0.044036697247706445 0.023853211009174303
14 0.7633027522935779 0.5155963302752293 0.041100917431192555 0.022018348623853184
11 0.11669724770642201 0.5926605504587156 0.0689908256880734 0.02935779816513765
11 0.03155963302752294 0.5919266027048093 0.06311926605504588 0.030825693672950082
11 0.10128440366972477 0.24128440366972476 0.07339449541284405 0.03119266055045873
11 0.10055045871559633 0.27155963302752295 0.06899082568807338 0.03302752293577981
11 0.4007339449541284 0.27339449541284405 0.07633027522935777 0.03302752293577981
11 0.4807339449541284 0.2311926605504587 0.08366972477064223 0.029357798165137616
11 0.6297247706422019 0.2403669724770642 0.07926605504587152 0.03669724770642201
11 0.9291743119266056 0.4119266055045872 0.06458715596330279 0.03486238532110093
10 0.8442201834862385 0.2211009174311927 0.311559633027523 0.24770642201834864
11 0.8205504587155963 0.5926605504587156 0.07045871559633028 0.044036697247706445
10 0.19743119266055045 0.5357798165137615 0.0836697247706422 0.16146788990825683
8 0.5944954128440367 0.9146788990825689 0.02935779816513758 0.038532110091743024
8 0.9218348623853211 0.9155963302752295 0.032293577981651396 0.04036697247706414
8 0.369908256880734 0.428440366972477 0.041100917431192624 0.04220183486238532
7 0.23339449541284402 0.7155963302752294 0.046972477064220225 0.04036697247706428
7 0.3522935779816514 0.8311926605504587 0.04403669724770637 0.044036697247706515
7 0.3904587155963303 0.9009174311926605 0.06165137614678898 0.044036697247706515
7 0.7647706422018348 0.8055045871559634 0.032293577981651396 0.04403669724770637
9 0.3229357798165137 0.29449541284403674 0.05577981651376145 0.11926605504587158
9 0.6906422018348625 0.653211009174312 0.04844036697247717 0.09174311926605505
9 0.5695412844036697 0.20825688073394497 0.06458715596330279 0.10091743119266054
