14 0.6091743119266055 0.3954128440366973 0.06116207951070336 0.04954128440366972
14 0.5896024464831805 0.8522935779816514 0.05382262996941883 0.05321100917431181
14 0.5920489296636086 0.9073394495412844 0.06116207951070343 0.04587155963302749
14 0.2758409785932722 0.8238532110091742 0.05504587155963304 0.051376146788990835
0 0.16146788990825692 0.44220183486238535 0.08073394495412847 0.16146788990825683
0 0.8501529051987768 0.6330275229357798 0.08073394495412842 0.1688073394495413
5 0.2733944954128441 0.7743119266055046 0.04281345565749234 0.06972477064220171
5 0.6055045871559633 0.34678899082568804 0.044036697247706445 0.05871559633027523
10 0.32538226299694195 0.7752293577981653 0.06116207951070336 0.03486238532110107
10 0.6581039755351682 0.3376146788990826 0.06116207951070343 0.03669724770642205
10 0.38348623853211017 0.17706422018348625 0.07706422018348619 0.04954128440366974
11 0.4006116207951071 0.4669724770642202 0.08685015290519878 0.11559633027522935
11 0.20550458715596334 0.2568807339449542 0.08073394495412846 0.10275229357798164
11 0.05504587155963304 0.11559633027522936 0.09296636085626914 0.10275229357798166
11 0.049541284403669755 0.3256880733944954 0.08440366972477067 0.10458715596330276
11 0.05321100917431193 0.4321100917431193 0.08685015290519878 0.10458715596330279
11 0.04464831804281347 0.5788990825688074 0.05749235474006118 0.06422018348623858
11 0.04954128440366974 0.8238532110091745 0.0795107033639144 0.10642201834862391
11 0.21223241590214065 0.6678899082568808 0.07706422018348622 0.08807339449541281
11 0.1828746177370031 0.5770642201834862 0.06483180428134559 0.07155963302752298
11 0.33944954128440374 0.6486238532110091 0.07951070336391439 0.10825688073394496
11 0.45137614678899085 0.9027522935779817 0.08562691131498466 0.10275229357798167
11 0.3535168195718655 0.9045871559633026 0.07828746177370033 0.10642201834862391
11 0.2678899082568808 0.9100917431192661 0.07828746177370033 0.110091743119266
11 0.6727828746177373 0.8972477064220183 0.06360856269113171 0.08440366972477065
11 0.7467889908256882 0.9036697247706422 0.07217125382263007 0.10458715596330279
11 0.814678899082569 0.8880733944954129 0.05871559633027516 0.0733944954128441
11 0.7394495412844038 0.7954128440366972 0.08685015290519886 0.06788990825688089
11 0.814067278287462 0.8027522935779817 0.05504587155963307 0.06422018348623851
11 0.584097859327217 0.6348623853211008 0.07706422018348626 0.09908256880733944
11 0.6207951070336393 0.5587155963302752 0.05993883792048933 0.04954128440366972
11 0.6103975535168196 0.17981651376146793 0.07584097859327216 0.10642201834862387
11 0.8954128440366973 0.17706422018348625 0.08318042813455662 0.11192660550458715
13 0.0470948012232416 0.11284403669724771 0.06238532110091744 0.03853211009174313
13 0.1981651376146789 0.25779816513761467 0.026911314984709448 0.0275229357798165
13 0.6061162079510705 0.17981651376146793 0.03547400611620787 0.03669724770642201
13 0.8948012232415903 0.17981651376146793 0.050152905198776666 0.029357798165137616
13 0.5865443425076454 0.6201834862385321 0.06238532110091739 0.025688073394495418
13 0.7480122324159023 0.7834862385321102 0.05504587155963307 0.02568807339449549
13 0.7480122324159023 0.9064220183486239 0.045259938837920545 0.03302752293577981
13 0.4495412844036698 0.9009174311926605 0.05504587155963307 0.02935779816513758
13 0.34984709480122334 0.9009174311926605 0.07094801223241592 0.03302752293577981
13 0.26911314984709483 0.9045871559633027 0.05871559633027523 0.04036697247706428
13 0.050764525993883806 0.8165137614678899 0.06238532110091745 0.02568807339449535
13 0.2103975535168196 0.6513761467889907 0.05626911314984714 0.022018348623853257
13 0.33944954128440374 0.6550458715596331 0.0672782874617737 0.03302752293577981
13 0.39755351681957196 0.47431192660550464 0.06360856269113156 0.03119266055045877
13 0.04709480122324159 0.328440366972477 0.05749235474006117 0.04036697247706421
13 0.04954128440366972 0.43302752293577984 0.05504587155963302 0.04036697247706421
8 0.06544342507645261 0.6788990825688073 0.07461773700305813 0.09174311926605498
8 0.13822629969418962 0.6779816513761467 0.0562691131498471 0.11192660550458719
8 0.7211009174311929 0.6256880733944954 0.06727828746177365 0.12477064220183492
8 0.653211009174312 0.6330275229357798 0.05626911314984703 0.12477064220183486
8 0.9082568807339451 0.7788990825688075 0.06727828746177365 0.08623853211009176
8 0.9100917431192661 0.8779816513761469 0.08073394495412842 0.09357798165137624
12 0.898776758409786 0.6311926605504588 0.20244648318042807 0.19082568807339456
12 0.2103975535168196 0.43486238532110094 0.21039755351681957 0.19082568807339442
