14 0.34775280898876404 0.3969185364209939 0.05730337078651683 0.05391399323751209
14 0.36235955056179775 0.55866051613353 0.05056179775280896 0.05019578680733872
14 0.22808988764044943 0.684149983151877 0.0359550561797753 0.06692771574311848
14 0.2747191011235955 0.6869386379745069 0.023595505617977536 0.06878681895820506
14 0.20786516853932585 0.391341226775734 0.022471910112359553 0.08365964467889803
14 0.5943820224719102 0.32813171746278885 0.05393258426966284 0.04275937394699231
14 0.599438202247191 0.42015732660957666 0.052808988764044926 0.0371820643017324
14 0.648314606741573 0.5149715905789943 0.029213483146067462 0.08180054146381138
14 0.7005617977528089 0.5958425804352625 0.04831460674157313 0.0464775803771655
14 0.597752808988764 0.645108815635058 0.05617977528089881 0.044618477162078986
14 0.1741573033707865 0.6162927158012154 0.05393258426966294 0.061350406097858606
13 0.16179775280898878 0.1933467343690087 0.024719101123595523 0.02602744501121272
13 0.16685393258426967 0.09853247039959097 0.021348314606741567 0.0260274450112127
13 0.05168539325842696 0.22123328259530808 0.01797752808988764 0.02974565144138598
6 0.17696629213483142 0.09295516075433112 0.059550561797752796 0.048336683592252176
6 0.17640449438202246 0.18033301186340236 0.06741573033707865 0.05205489002242542
6 0.0696629213483146 0.21937417938022144 0.06292134831460673 0.04461847716207895
13 0.7904494382022471 0.5270557614770575 0.03932584269662911 0.020450135365952846
6 0.800561797752809 0.5307739679072307 0.0932584269662921 0.08365964467889811
6 0.14438202247191012 0.2584153468970405 0.27977528089887643 0.018591032150866164
6 0.16292134831460675 0.5066056261111046 0.0202247191011236 0.5298444162996874
6 0.21966292134831458 0.7603732149704285 0.19438202247191008 0.01859103215086634
6 0.31067415730337083 0.6506861252803178 0.016853932584269662 0.22681059224056802
6 0.4387640449438202 0.5521536548807269 0.2887640449438203 0.022309238581039493
6 0.5691011235955057 0.5670264806014198 0.01011235955056172 0.06692771574311841
6 0.696629213483146 0.5921243740050892 0.29887640449438196 0.013013722505606395
6 0.6421348314606742 0.642320160812428 0.2056179775280899 0.027886548226299296
6 0.7331460674157304 0.7101774281630897 0.012359550561797761 0.17475570221814252
6 0.7971910112359549 0.782682453551468 0.1494382022471909 0.022309238581039493
6 0.47022471910112357 0.6674180542160975 0.014606741573033731 0.02974565144138609
6 0.5544943820224719 0.6795022251141606 0.19213483146067417 0.020450135365952776
6 0.6494382022471911 0.5391399323751205 0.013483146067415675 0.47964862949234854
6 0.6073033707865169 0.3234839594250723 0.11123595505617978 0.02230923858103953
6 0.6033707865168538 0.42015732660957666 0.11011235955056171 0.02602744501121272
6 0.33651685393258435 0.3969185364209939 0.14269662921348317 0.02416834179612607
6 0.2735955056179775 0.32813171746278885 0.016853932584269662 0.18776942472374883
1 0.9567415730337078 0.08087098985626807 0.08202247191011239 0.04647758037716557
1 0.9578651685393258 0.13013722505606357 0.0775280898876403 0.048336683592252176
