14 0.11629213483146067 0.4779705313413178 0.03707865168539327 0.07418611351195623
14 0.08314606741573033 0.5479174383668766 0.029213483146067407 0.08690373297114874
14 0.34157303370786507 0.0741861135119562 0.04044943820224724 0.09326254270074492
14 0.39550561797752803 0.44405687945013783 0.033707865168539325 0.04451166810717368
14 0.46292134831460674 0.43239906161254466 0.047191011235955004 0.09750174918714244
14 0.447752808988764 0.5489772399884758 0.03483146067415724 0.10174095567353994
14 0.551123595505618 0.552156644853274 0.04157303370786515 0.08690373297114867
14 0.7044943820224718 0.49492735728690784 0.03595505617977523 0.09538214594394376
14 0.7651685393258427 0.5150635880972959 0.04044943820224702 0.06782730378235996
14 0.42247191011235946 0.0413322632423756 0.042696629213483134 0.0826645264847512
14 0.5348314606741572 0.0413322632423756 0.038202247191011264 0.0826645264847512
