12 0.07607497243660419 0.5362540740254309 0.09922822491730982 0.07645170098122228
12 0.3484013230429989 0.5384384083391801 0.1014332965821389 0.10266371274621285
12 0.539691289966924 0.541714909809804 0.10694597574421173 0.1092167156874605
12 0.7839029768467475 0.5351619068685564 0.11466372657111364 0.09611070980496528
12 0.6730981256890849 0.1834840823549336 0.0341786108048511 0.12669139019745412
12 0.7216097023153253 0.19112925245305581 0.03638368246968028 0.1419817303936986
7 0.113561190738699 0.28723996225802106 0.04189636163175301 0.05897702647122863
7 0.16041896361631752 0.2785026250030242 0.04079382579933851 0.06334569509872705
7 0.1675854465270121 0.33311098284675444 0.028665931642778357 0.04587102058873345
7 0.24531422271223813 0.33201881568987984 0.029768467475192965 0.03931801764748574
7 0.2811466372657111 0.328742314219256 0.035281146637265726 0.05023968921623179
7 0.360529217199559 0.3331109828467544 0.03528114663726569 0.05897702647122863
7 0.3914002205071665 0.2828712936305226 0.039691289966923976 0.028396346078739754
7 0.5220507166482911 0.2927007980423941 0.04079382579933849 0.03931801764748578
7 0.6212789415656009 0.281779126473648 0.03638368246968028 0.03931801764748578
7 0.61742006615215 0.34294048725862586 0.044101433296582115 0.048055354902482604
2 0.6758544652701213 0.2621201176499051 0.030871003307607482 0.021843343137492113
2 0.6786108048511577 0.2992538009836416 0.03638368246968028 0.03494934901998736
14 0.7552370452039691 0.10266371274621283 0.030871003307607482 0.030580680392488943
14 0.7519294377067254 0.17802324657056057 0.024255788313120093 0.015290340196244472
14 0.7552370452039691 0.2555671147086575 0.013230429988974635 0.03494934901998736
14 0.6378169790518191 0.10266371274621285 0.018743109151047294 0.03494934901998734
14 0.639470782800441 0.14744256617807164 0.017640573318632988 0.041502351961234966
14 0.8765159867695701 0.7743465142240947 0.026460859977949128 0.041502351961235036
14 0.7756339581036383 0.7776230156947186 0.023153252480705645 0.030580680392488943
14 0.675303197353914 0.7798073500084678 0.023153252480705645 0.043686686274984225
14 0.5832414553472988 0.7743465142240947 0.022050716648291058 0.03713368333373666
14 0.4652701212789415 0.7721621799103455 0.028665931642778374 0.041502351961235036
14 0.34950385887541346 0.7754386813809694 0.022050716648291058 0.03494934901998747
14 0.2546857772877618 0.7776230156947185 0.026460859977949305 0.03494934901998747
14 0.15821389195148844 0.7754386813809694 0.023153252480705645 0.03494934901998747
14 0.05843439911797133 0.7776230156947185 0.03307607497243661 0.039318017647485846
3 0.8059536934950386 0.13215222598182716 0.028665931642778305 0.05460835784373025
3 0.8428886438809262 0.1365208946093256 0.03197353914002207 0.05460835784373023
3 0.8847850055126791 0.13433656029557636 0.027563395810363715 0.041502351961234966
3 0.8048511576626239 0.17911541372743517 0.030871003307607482 0.03931801764748578
3 0.8059536934950386 0.20969609411992407 0.026460859977949412 0.03931801764748578
3 0.8037486218302096 0.2664887862774035 0.028665931642778305 0.03931801764748574
3 0.8054024255788315 0.3101754725523877 0.027563395810363857 0.03931801764748578
3 0.844542447629548 0.17365457794306213 0.03307607497243652 0.041502351961234966
3 0.8456449834619625 0.21515692990429713 0.028665931642778447 0.037133683333736546
3 0.8439911797133406 0.2621201176499051 0.025358324145534822 0.03931801764748578
3 0.8450937155457552 0.30143813529739094 0.027563395810364 0.03494934901998736
3 0.8842337375964717 0.17474674509993676 0.028665931642778305 0.03494934901998734
3 0.8820286659316428 0.2173412642180463 0.02646085997794927 0.037133683333736546
3 0.884233737596472 0.2577514490224067 0.024255788313120093 0.03931801764748578
3 0.8820286659316428 0.3090833053955131 0.028665931642778447 0.05460835784373025
1 0.9542447629547961 0.8846553970684298 0.07607497243660419 0.061161360784977886
1 0.9547960308710033 0.9447245906965329 0.07276736493936056 0.06334569509872708
1 0.9531422271223815 0.6662219656935088 0.07607497243660419 0.06116136078497775
1 0.9536934950385887 0.0677143637262255 0.06615214994487331 0.05242402352998102
1 0.9531422271223815 0.12013838725620651 0.07386990077177515 0.05242402352998104
1 0.952039691289967 0.17693107941368594 0.07607497243660433 0.06553002941247628
1 0.9525909592061743 0.2304472701005416 0.07276736493936042 0.05460835784373028
1 0.9503858875413451 0.28396346078739726 0.07276736493936056 0.05679269215747947
