14 0.43449541284403664 0.7577981651376146 0.03522935779816514 0.047706422018348606
14 0.48 0.756880733944954 0.032293577981651396 0.05321100917431196
14 0.5387155963302752 0.8403669724770643 0.046972477064220114 0.047706422018348606
14 0.3772477064220183 0.8422018348623854 0.04990825688073393 0.04403669724770637
14 0.1144954128440367 0.6605504587155963 0.03816513761467892 0.047706422018348675
14 0.5313761467889908 0.6550458715596331 0.046972477064220114 0.047706422018348675
14 0.3522935779816514 0.656880733944954 0.038165137614678955 0.05504587155963307
14 0.06385321100917431 0.7770642201834863 0.04256880733944954 0.05688073394495419
14 0.03302752293577981 0.23761467889908258 0.03376146788990825 0.04954128440366972
14 0.10275229357798166 0.3422018348623853 0.029357798165137616 0.05688073394495415
14 0.178348623853211 0.23119266055045873 0.033761467889908234 0.06972477064220187
14 0.24807339449541285 0.3422018348623853 0.032293577981651396 0.05688073394495415
14 0.3258715596330275 0.23211009174311925 0.026422018348623837 0.06422018348623855
14 0.3970642201834862 0.33944954128440374 0.0337614678899083 0.05871559633027523
14 0.4741284403669725 0.22752293577981653 0.03522935779816514 0.06605504587155962
14 0.5387155963302752 0.33669724770642206 0.046972477064220114 0.05688073394495412
14 0.22605504587155964 0.11100917431192661 0.044036697247706404 0.03486238532110093
14 0.2818348623853211 0.11192660550458715 0.03816513761467892 0.03669724770642203
8 0.6429357798165136 0.8385321100917431 0.05577981651376142 0.051376146788990835
8 0.27082568807339447 0.8376146788990826 0.04550458715596331 0.05688073394495419
8 0.8286238532110092 0.6330275229357798 0.05431192660550465 0.06605504587155962
8 0.8278899082568807 0.7091743119266056 0.05577981651376149 0.06055045871559628
