7 0.10389908256880734 0.891743119266055 0.09495412844036698 0.08440366972477065
7 0.07568807339449542 0.5009174311926605 0.08807339449541285 0.09541284403669721
14 0.3577981651376147 0.3660550458715596 0.06605504587155962 0.07522935779816514
14 0.904816513761468 0.36513761467889905 0.03715596330275232 0.05871559633027523
14 0.7169724770642202 0.5376146788990827 0.03853211009174316 0.05504587155963307
14 0.829816513761468 0.536697247706422 0.05504587155963307 0.06055045871559628
14 0.7644495412844037 0.6477064220183486 0.04541284403669721 0.051376146788990766
1 0.4630733944954129 0.018348623853211014 0.059174311926605515 0.033027522935779825
1 0.5208715596330276 0.05871559633027523 0.056422018348623905 0.03669724770642201
1 0.5208715596330276 0.01743119266055046 0.05091743119266056 0.031192660550458714
1 0.5738532110091744 0.05229357798165138 0.04954128440366965 0.031192660550458714
1 0.6268348623853212 0.05688073394495413 0.056422018348623905 0.029357798165137616
1 0.6853211009174313 0.05504587155963304 0.04954128440366958 0.03669724770642202
1 0.7885321100917432 0.05504587155963304 0.052293577981651254 0.029357798165137616
1 0.7878440366972477 0.018348623853211014 0.05366972477064223 0.033027522935779825
1 0.7376146788990826 0.05504587155963304 0.05504587155963307 0.040366972477064215
