0 0.4220183486238532 0.6018348623853211 0.06018348623853214 0.10275229357798167
0 0.813211009174312 0.2376146788990826 0.06458715596330279 0.10458715596330276
14 0.43082568807339455 0.3339449541284404 0.019082568807339512 0.047706422018348606
14 0.9834862385321101 0.45504587155963305 0.02348623853210995 0.03302752293577981
14 0.6040366972477064 0.33853211009174317 0.016146788990825698 0.038532110091743094
11 0.326605504587156 0.11192660550458715 0.08073394495412842 0.03669724770642203
11 0.32513761467889907 0.1577981651376147 0.06605504587155962 0.0330275229357798
14 0.4036697247706422 0.2119266055045872 0.044036697247706445 0.0275229357798165
11 0.5012844036697248 0.1559633027522936 0.08660550458715605 0.03669724770642201
11 0.5093577981651376 0.41651376146788993 0.07633027522935777 0.044036697247706445
11 0.3838532110091743 0.4238532110091744 0.08954128440366972 0.03669724770642198
11 0.6524770642201836 0.28532110091743124 0.074862385321101 0.038532110091743094
11 0.9379816513761469 0.7770642201834863 0.07633027522935791 0.042201834862385254
5 0.9416513761467891 0.4284403669724771 0.033761467889908234 0.023853211009174372
5 0.6187155963302753 0.3642201834862385 0.030825688073394416 0.02018348623853207
5 0.4462385321100918 0.3596330275229358 0.026422018348623837 0.018348623853211024
13 0.45724770642201834 0.33853211009174317 0.022018348623853184 0.02018348623853207
13 0.4080733944954129 0.18440366972477065 0.026422018348623837 0.023853211009174303
13 0.6282568807339449 0.34036697247706427 0.026422018348623837 0.023853211009174303
13 0.9541284403669724 0.4522935779816514 0.02348623853211009 0.012844036697247674
11 0.7801834862385322 0.11834862385321103 0.07486238532110093 0.03486238532110091
9 0.1291743119266055 0.2614678899082569 0.0675229357798165 0.12293577981651381
9 0.23853211009174313 0.23394495412844038 0.07192660550458718 0.17064220183486242
9 0.369908256880734 0.30275229357798167 0.0939449541284403 0.1541284403669725
9 0.5409174311926606 0.29908256880733947 0.09834862385321103 0.15412844036697249
9 0.6847706422018348 0.2330275229357798 0.07192660550458711 0.1724770642201835
8 0.46972477064220186 0.9137614678899084 0.038165137614678955 0.047706422018348606
8 0.4308256880733945 0.8495412844036697 0.04256880733944954 0.044036697247706515
8 0.38899082568807336 0.7853211009174312 0.03522935779816507 0.044036697247706515
8 0.6165137614678899 0.6339449541284403 0.032293577981651465 0.04954128440366965
8 0.9064220183486239 0.9146788990825688 0.027889908256880744 0.031192660550458697
8 0.9240366972477065 0.9137614678899082 0.022018348623853257 0.04036697247706428
8 0.16293577981651375 0.9146788990825688 0.02642201834862387 0.0422018348623854
8 0.18495412844036696 0.9137614678899084 0.01467889908256879 0.047706422018348606
12 0.4719266055045871 0.6045871559633028 0.18348623853211016 0.12293577981651374
12 0.8667889908256882 0.23577981651376148 0.18935779816513773 0.12293577981651378
12 0.11009174311926605 0.8825688073394495 0.07926605504587154 0.1174311926605506
12 0.23045871559633027 0.6064220183486239 0.08807339449541289 0.11926605504587151
