7 0.47415730337078654 0.4932416984972258 0.07191011235955053 0.09321102963727107
7 0.5792134831460674 0.4854741126941199 0.07303370786516851 0.097094822538824
7 0.44269662921348313 0.7757876320852035 0.07640449438202246 0.08350154738338858
7 0.5528089887640449 0.7748166838598154 0.07191011235955046 0.08544344383416501
14 0.3359550561797753 0.1951605933030362 0.053932584269662985 0.07185016867872976
14 0.8685393258426967 0.2029281791061421 0.06292134831460672 0.0640825828756238
0 0.2359550561797753 0.5039221289764965 0.06966292134831459 0.32429670727967214
0 0.7758426966292135 0.5107187665542141 0.07078651685393254 0.3223548108288956
12 0.21910112359550563 0.4932416984972258 0.17078651685393262 0.48547411269411983
12 0.7584269662921349 0.4961545431733906 0.1617977528089888 0.48741600914489636
1 0.22696629213483147 0.8155965093261215 0.10561797752808985 0.07379206512950617
1 0.22584269662921347 0.8893885744556276 0.10561797752808985 0.07379206512950617
1 0.7651685393258427 0.8175384057768978 0.10337078651685402 0.08155965093261215
1 0.7674157303370787 0.895214263807957 0.10786516853932597 0.06990827222795332
