9 0.6221440241296972 0.4761467889908257 0.1699132839009677 0.10458715596330279
9 0.45288425285911776 0.47614678899082574 0.13200955133844416 0.08990825688073394
9 0.4554983033806711 0.22201834862385322 0.1189392987306774 0.09541284403669728
9 0.17056679653135604 0.9155963302752295 0.08495664195048384 0.06238532110091754
9 0.3620459972351389 0.6229357798165138 0.04705290938796033 0.07522935779816528
9 0.1640316702274727 0.6422018348623852 0.06927233882116372 0.06972477064220178
9 0.24637426165640317 0.6440366972477064 0.06665828829961043 0.06605504587155962
9 0.22872942063591808 0.8385321100917431 0.03136860625864021 0.08073394495412842
9 0.16860625864019102 0.8394495412844037 0.03921075782330021 0.07155963302752283
9 0.8933517657408571 0.9009174311926605 0.14246575342465748 0.11743119266055047
0 0.2679401784592183 0.2541284403669725 0.07057936408194042 0.3357798165137615
0 0.47967827070503966 0.3871559633027523 0.03136860625864017 0.08807339449541289
0 0.6208369988689205 0.3091743119266055 0.14638682920698756 0.12293577981651378
0 0.9423652130199823 0.23211009174311925 0.07057936408194038 0.28807339449541286
0 0.8378031921578484 0.22935779816513766 0.12024632399145417 0.08073394495412846
0 0.8404172426794019 0.33853211009174317 0.12547442503456097 0.06788990825688078
8 0.7071006660801811 0.9201834862385322 0.2770893552846551 0.03853211009174316
8 0.26924720371999494 0.6036697247706422 0.32152821415106186 0.04036697247706428
8 0.4234761844916426 0.7220183486238533 0.020912404172426804 0.2660550458715597
8 0.2607515395249466 0.9128440366972478 0.1372376523815508 0.023853211009174372
8 0.19343973859494784 0.8495412844036698 0.15684303129320099 0.04036697247706414
8 0.1771019228352394 0.4889908256880734 0.15292195551087093 0.06055045871559628
0 0.32022118889028534 0.47706422018348627 0.1307025260776675 0.07706422018348619
11 0.730627120774161 0.4238532110091744 0.04182480834485361 0.044036697247706445
11 0.7319341460349378 0.46146788990825693 0.04182480834485346 0.031192660550458697
11 0.7299736081437729 0.4981651376146789 0.043131833605630304 0.027522935779816463
0 0.3868794771898957 0.8926605504587155 0.03398265678019356 0.08623853211009176
