9 0.4511235955056179 0.5503121098626717 0.05955056179775276 0.14581772784019975
9 0.5910112359550561 0.5443196004993758 0.07640449438202246 0.16579275905118607
9 0.7269662921348314 0.5543071161048689 0.06516853932584268 0.181772784019975
13 0.48146067415730337 0.3695380774032459 0.057303370786516865 0.05992509363295881
13 0.6280898876404494 0.36354556803995003 0.06067415730337075 0.06392009987515607
13 0.754494382022472 0.36853932584269655 0.0505617977528091 0.06192259675405744
0 0.24775280898876403 0.5583021223470661 0.14269662921348317 0.481398252184769
10 0.37415730337078656 0.5233458177278402 0.09887640449438201 0.37153558052434454
10 0.5207865168539325 0.47640449438202254 0.052808988764044995 0.18976279650436959
10 0.6550561797752809 0.48239700374531835 0.06292134831460672 0.16978776529338319
10 0.796067415730337 0.484394506866417 0.057303370786516865 0.1897627965043695
10 0.5101123595505618 0.6761548064918851 0.06516853932584268 0.03395755305867681
10 0.646067415730337 0.6781523096129837 0.06292134831460672 0.04993757802746572
10 0.7825842696629214 0.6811485642946318 0.057303370786516726 0.04794007490636716
10 0.797752808988764 0.6132334581772784 0.04494382022471911 0.03196004993757803
10 0.6623595505617977 0.6202247191011235 0.05056179775280903 0.045942571785268456
10 0.5235955056179776 0.6212234706616729 0.06067415730337082 0.04394506866416975
