9 0.6623595505617977 0.3645443196004994 0.0887640449438203 0.10187265917602996
13 0.7943820224719101 0.13283395755305868 0.03595505617977523 0.07790262172284644
9 0.6252808988764045 0.12983770287141072 0.039325842696629254 0.05593008739076156
9 0.6640449438202247 0.13283395755305866 0.03595505617977523 0.06591760299625467
9 0.3943820224719101 0.7560549313358302 0.0808988764044944 0.08988764044943821
9 0.5786516853932584 0.755056179775281 0.07865168539325844 0.08389513108614238
2 0.13314606741573035 0.5263420724094882 0.02584269662921349 0.03795255930087393
2 0.1651685393258427 0.5443196004993758 0.03370786516853931 0.045942571785268387
2 0.22134831460674156 0.3485642946317104 0.031460674157303394 0.04194756554307112
2 0.3202247191011236 0.3465667915106117 0.03146067415730336 0.04194756554307112
2 0.41348314606741576 0.3465667915106117 0.0337078651685394 0.04194756554307112
2 0.5073033707865169 0.3495630461922597 0.03707865168539321 0.047940074906367015
2 0.32921348314606746 0.5553058676654182 0.03146067415730336 0.03595505617977523
2 0.32696629213483147 0.5932584269662922 0.026966292134831493 0.03595505617977523
2 0.4887640449438202 0.49438202247191015 0.026966292134831493 0.037952559300874
9 0.3370786516853933 0.9338327091136079 0.047191011235955004 0.06591760299625463
9 0.4623595505617978 0.9268414481897628 0.039325842696629254 0.05193508114856428
9 0.5803370786516854 0.9298377028714109 0.03258426966292127 0.0699126092384519
11 0.13820224719101123 0.9068664169787766 0.05842696629213485 0.03995006242197249
11 0.28876404494382024 0.9518102372034956 0.04719101123595504 0.029962546816479405
13 0.1730337078651685 0.13882646691635456 0.029213483146067424 0.04194756554307116
13 0.27191011235955054 0.13682896379525594 0.03146067415730343 0.04194756554307118
13 0.3629213483146067 0.12484394506866417 0.033707865168539325 0.04194756554307116
13 0.46573033707865163 0.13083645443196004 0.03258426966292141 0.03795255930087391
2 0.2207865168539326 0.09088639200998752 0.02584269662921347 0.041947565543071164
2 0.31741573033707865 0.08988764044943821 0.025842696629213437 0.039950062421972535
2 0.4061797752808989 0.08888888888888889 0.04157303370786508 0.05792759051186017
2 0.5028089887640449 0.08389513108614231 0.034831460674157315 0.03995006242197254
