0 0.02715596330275229 0.6981651376146789 0.03082568807339449 0.15229357798165147
0 0.20844036697247706 0.6944954128440366 0.026422018348623837 0.14862385321100915
0 0.5834862385321101 0.714678899082569 0.06018348623853207 0.12660550458715605
0 0.6546788990825689 0.7119266055045871 0.06165137614678898 0.12844036697247702
0 0.7280733944954128 0.7110091743119267 0.06165137614678898 0.1339449541284405
0 0.7985321100917432 0.7110091743119267 0.061651376146789116 0.130275229357798
0 0.8748623853211009 0.708256880733945 0.0733944954128441 0.12844036697247715
12 0.23559633027522936 0.6917431192660551 0.08954128440366972 0.17247706422018352
12 0.05137614678899083 0.6891743091268276 0.10275229357798166 0.18495413403992259
12 0.5886238532110092 0.17431192660550457 0.08807339449541281 0.1321100917431193
8 0.14311926605504588 0.7577981651376146 0.03669724770642205 0.051376146788990835
8 0.16220183486238532 0.756880733944954 0.022018348623853202 0.04954128440366972
8 0.46091743119266054 0.7577981651376146 0.032293577981651396 0.04403669724770637
8 0.48366972477064224 0.7577981651376146 0.022018348623853184 0.05504587155963307
14 0.18128440366972476 0.8678899082568807 0.03082568807339449 0.022018348623853115
14 0.4205504587155964 0.8669724770642202 0.033761467889908234 0.02018348623853214
14 0.7677064220183487 0.828440366972477 0.03522935779816507 0.016513761467889906
14 0.8403669724770643 0.8321100917431192 0.030825688073394558 0.031192660550458697
14 0.5724770642201835 0.4 0.03229357798165133 0.018348623853211024
14 0.6627522935779817 0.4 0.02495412844036707 0.022018348623853184
14 0.7515596330275229 0.4 0.032293577981651396 0.022018348623853184
14 0.8359633027522935 0.39816513761467887 0.033761467889908234 0.022018348623853184
14 0.9284403669724771 0.40091743119266054 0.03669724770642205 0.023853211009174303
14 0.48440366972477067 0.6238532110091742 0.020550458715596277 0.03302752293577974
8 0.23192660550458716 0.41834862385321103 0.032293577981651396 0.051376146788990835
14 0.3155963302752294 0.2467889908256881 0.035229357798165106 0.023853211009174303
