14 0.2263761467889908 0.3522935779816514 0.028899082568807303 0.05504587155963307
14 0.225 0.4293577981651376 0.026146788990825662 0.05871559633027523
14 0.32133027522935775 0.42752293577981654 0.028899082568807338 0.05504587155963307
13 0.0756880733944954 0.5302752293577983 0.03853211009174312 0.018348623853211024
13 0.07362385321100916 0.5862385321100918 0.028899082568807327 0.01651376146788998
13 0.12660550458715594 0.6275229357798164 0.03577981651376147 0.01834862385321095
13 0.12660550458715597 0.6651376146788991 0.041284403669724766 0.016513761467889763
13 0.12729357798165136 0.6990825688073394 0.03990825688073395 0.022018348623853115
13 0.18440366972477062 0.6275229357798164 0.03302752293577981 0.01834862385321095
13 0.37568807339449534 0.6660550458715596 0.038532110091743094 0.01467889908256879
13 0.43417431192660544 0.6660550458715596 0.04541284403669728 0.018348623853211024
13 0.5387614678899082 0.6660550458715596 0.04816513761467888 0.01467889908256879
13 0.6488532110091743 0.6688073394495413 0.056422018348623905 0.016513761467889763
13 0.4438073394495412 0.5009174311926605 0.05366972477064223 0.01467889908256879
13 0.5009174311926605 0.31100917431192665 0.057798165137614675 0.023853211009174338
13 0.4974770642201834 0.3678899082568807 0.04816513761467881 0.02018348623853214
13 0.48990825688073386 0.4669724770642202 0.03027522935779821 0.012844036697247745
13 0.4919724770642201 0.5009174311926605 0.037155963302752185 0.022018348623853115
13 0.6543577981651376 0.31376146788990833 0.03990825688073393 0.01834862385321106
13 0.6522935779816512 0.3688073394495413 0.02477064220183479 0.01467889908256879
13 0.6550458715596329 0.4651376146788991 0.03027522935779828 0.02018348623853207
13 0.6543577981651376 0.5036697247706422 0.028899082568807303 0.012844036697247674
13 0.6550458715596329 0.6073394495412844 0.03853211009174316 0.01467889908256879
13 0.7685779816513761 0.4908256880733945 0.05366972477064223 0.027522935779816463
13 0.7644495412844037 0.3422018348623853 0.03440366972477065 0.012844036697247674
13 0.9075688073394494 0.344954128440367 0.03165137614678898 0.01467889908256879
13 0.9096330275229357 0.4908256880733945 0.03302752293577981 0.016513761467889906
10 0.0853211009174312 0.5192660550458715 0.06605504587155964 0.05871559633027516
10 0.08394495412844037 0.5825688073394495 0.060550458715596334 0.03853211009174316
10 0.12798165137614678 0.6587155963302752 0.060550458715596334 0.11743119266055047
10 0.1919724770642202 0.620183486238532 0.06192660550458715 0.047706422018348606
10 0.41215596330275217 0.6623853211009174 0.12522935779816513 0.05137614678899091
10 0.4727064220183486 0.5972477064220183 0.1307339449541284 0.04954128440366965
10 0.5422018348623853 0.6596330275229357 0.07981651376146794 0.04587155963302756
10 0.4981651376146788 0.3247706422018349 0.0688073394495413 0.1247706422018349
10 0.441743119266055 0.4834862385321101 0.06055045871559635 0.05688073394495405
10 0.49885321100917424 0.4761467889908257 0.056422018348623836 0.08256880733944953
10 0.6481651376146789 0.6559633027522936 0.07706422018348619 0.04954128440366965
10 0.6557339449541284 0.6 0.0674311926605504 0.044036697247706445
10 0.6653669724770641 0.47431192660550464 0.0674311926605504 0.08623853211009169
10 0.6633027522935779 0.30000000000000004 0.06605504587155962 0.04587155963302756
10 0.6605504587155963 0.3550458715596331 0.06605504587155962 0.04954128440366972
10 0.7699541284403669 0.3412844036697248 0.07293577981651367 0.047706422018348606
10 0.9130733944954127 0.3311926605504587 0.0674311926605506 0.06055045871559635
10 0.9233944954128439 0.4825688073394495 0.07706422018348633 0.047706422018348675
10 0.7672018348623852 0.4825688073394495 0.07568807339449535 0.05871559633027516
13 0.801605504587156 0.7963302752293577 0.06743119266055046 0.029357798165137724
13 0.8896788990825687 0.7908256880733944 0.0646788990825688 0.029357798165137724
10 0.8043577981651375 0.7844036697247706 0.27385321100917426 0.11559633027522921
10 0.24633027522935777 0.7752293577981653 0.10183486238532108 0.10825688073394503
10 0.35091743119266056 0.7752293577981653 0.09082568807339449 0.10458715596330265
10 0.4575688073394495 0.7743119266055045 0.08119266055045869 0.09908256880733944
10 0.5759174311926605 0.7871559633027523 0.13348623853211009 0.09541284403669721
13 0.2965596330275229 0.5458715596330275 0.04266055045871557 0.02018348623853207
11 0.2903669724770642 0.5458715596330275 0.1321100917431193 0.04220183486238532
11 0.09013761467889907 0.1981651376146789 0.061926605504587146 0.044036697247706445
11 0.1610091743119266 0.20458715596330276 0.0605504587155963 0.05688073394495412
1 0.05022935779816513 0.944954128440367 0.07293577981651375 0.02935779816513758
1 0.12247706422018347 0.9422018348623854 0.060550458715596334 0.03486238532110079
1 0.19128440366972477 0.9431192660550458 0.0660550458715596 0.03302752293577981
1 0.25940366972477064 0.9431192660550459 0.07018348623853214 0.04036697247706414
1 0.3282110091743119 0.9412844036697249 0.0646788990825688 0.047706422018348606
1 0.3970183486238532 0.9412844036697249 0.06743119266055046 0.0366972477064219
1 0.46788990825688065 0.9385321100917432 0.0688073394495413 0.03853211009174316
1 0.5339449541284403 0.9385321100917432 0.06605504587155962 0.023853211009174372
1 0.6020642201834862 0.9449541284403671 0.06467889908256887 0.047706422018348606
1 0.6715596330275229 0.9440366972477066 0.06880733944954123 0.04954128440366972
1 0.7396788990825687 0.9394495412844037 0.06743119266055046 0.047706422018348606
1 0.8091743119266055 0.9394495412844037 0.0688073394495413 0.03669724770642205
1 0.875229357798165 0.9467889908256882 0.06330275229357796 0.047706422018348606
1 0.9440366972477063 0.9376146788990826 0.06605504587155962 0.055045871559632926
7 0.7837155963302752 0.5944954128440366 0.12522935779816508 0.06972477064220187
