14 0.23880532503457816 0.22717842323651452 0.03034232365145229 0.03941908713692946
14 0.20172026279391425 0.27074688796680496 0.025847164591977858 0.04356846473029048
14 0.21127247579529734 0.39004149377593367 0.03146611341632088 0.04564315352697086
14 0.3135373443983402 0.27282157676348545 0.026970954356846447 0.051867219917012444
14 0.3506224066390041 0.229253112033195 0.03146611341632088 0.031120331950207466
14 0.32870850622406633 0.39419087136929465 0.030342323651452254 0.04564315352697093
14 0.4478302213001383 0.22821576763485474 0.028094744121715108 0.03319502074688795
14 0.4264782157676348 0.27282157676348545 0.025847164591977858 0.04771784232365146
14 0.4371542185338865 0.38900414937759337 0.03146611341632088 0.031120331950207428
14 0.5433523513139695 0.27282157676348545 0.025847164591977716 0.06016597510373444
14 0.5680757261410787 0.22821576763485474 0.03034232365145229 0.04564315352697097
14 0.2303769017980636 0.7510373443983402 0.03371369294605806 0.04564315352697108
14 0.12923582295988933 0.6296680497925311 0.026970954356846485 0.08091286307053934
14 0.3573651452282157 0.7531120331950207 0.03596127247579531 0.04979253112033206
14 0.5242479253112033 0.754149377593361 0.02809474412171504 0.05186721991701262
14 0.49671507607192256 0.6026970954356847 0.03146611341632088 0.03941908713692939
14 0.6860736514522822 0.75 0.028094744121715108 0.03526970954356869
14 0.6574170124481327 0.603734439834025 0.03371369294605813 0.03319502074688792
14 0.8259854771784231 0.5954356846473029 0.029218533886583627 0.04564315352697101
14 0.8557659059474412 0.6981327800829876 0.03258990318118947 0.07261410788381753
12 0.46243948824343006 0.7489626556016598 0.11575034578146606 0.19087136929460585
12 0.6192081604426002 0.7468879668049792 0.11237897648686015 0.19917012448132781
12 0.7855290456431535 0.7489626556016598 0.1123789764868603 0.19087136929460585
12 0.728777662517289 0.3433609958506224 0.10001728907330573 0.25518672199170117
14 0.8546421161825726 0.40560165975103735 0.02359958506224075 0.07676348547717836
14 0.7950812586445366 0.39004149377593367 0.028094744121715108 0.04979253112033199
14 0.5557140387275241 0.39004149377593367 0.02809474412171504 0.03319502074688792
7 0.182615836791148 0.7468879668049792 0.050570539419087145 0.07053941908713696
7 0.3129754495159059 0.7531120331950207 0.048322959889349947 0.06639004149377598
