0 0.38548151145418325 0.4223107569721115 0.07642199060899259 0.33864541832669326
0 0.6641970066163916 0.4252988047808765 0.07417428500284579 0.3406374501992033
14 0.506295687784576 0.7480079681274902 0.04383025931986346 0.09362549800796799
14 0.506295687784576 0.8774900398406374 0.046077964926010254 0.16135458167330682
12 0.34108932573278317 0.4193227091633466 0.18318800690096754 0.4203187250996016
12 0.6175571152888446 0.42928286852589637 0.1899311237194081 0.42828685258964144
12 0.7698391701052931 0.4193227091633466 0.09215592985202051 0.1892430278884462
1 0.8867198616249289 0.8635458167330676 0.06743116818440513 0.04980079681274887
1 0.9669608396770062 0.8627490009444643 0.06607832064598754 0.05617529272558201
14 0.05506878735059761 0.5 0.040458700910643144 0.055776892430278904
14 0.1365481155734206 0.5039840637450199 0.04383025931986339 0.05976095617529872
14 0.3461466633466135 0.19621513944223104 0.038210995304496294 0.0697211155378486
14 0.6175571152888446 0.2071713147410359 0.03933484810756965 0.06374501992031871
14 0.34670858974815016 0.6414342629482072 0.034839436895275994 0.05179282868525888
14 0.6164332624857711 0.6384462151394422 0.04383025931986339 0.06972111553784849
14 0.5888988688104724 0.8515936254980079 0.042706406516789884 0.08167330677290835
