12 0.18550714285714284 0.221 0.07420285714285713 0.17799999999999996
12 0.43228785714285706 0.22799999999999998 0.07757571428571432 0.16
1 0.8353442857142858 0.5760000000000001 0.0921914285714287 0.027999999999999973
1 0.9309085714285714 0.502 0.08769428571428577 0.03200000000000003
1 0.9354057142857143 0.44 0.07870000000000005 0.03600000000000009
1 0.9393407142857143 0.38 0.07982428571428571 0.06
1 0.9382164285714285 0.31 0.07532714285714291 0.04800000000000001
1 0.9365299999999999 0.24700000000000003 0.09443999999999989 0.05000000000000004
1 0.9393407142857143 0.18600000000000003 0.08432142857142849 0.064
1 0.9359678571428571 0.11100000000000002 0.07757571428571425 0.05000000000000002
1 0.8375928571428571 0.177 0.05846285714285713 0.05799999999999999
1 0.9331571428571428 0.5820000000000001 0.08994285714285709 0.03999999999999993
1 0.9342814285714286 0.623 0.08994285714285709 0.03399999999999999
1 0.8347821428571427 0.618 0.10006142857142848 0.03600000000000001
1 0.8353442857142857 0.6970000000000001 0.09893714285714282 0.03799999999999983
1 0.9331571428571428 0.6940000000000001 0.08994285714285709 0.043999999999999914
1 0.9314707142857143 0.73 0.09781285714285716 0.03200000000000003
1 0.8319714285714287 0.73 0.10118571428571428 0.04
