8 0.6635741352783634 0.32201834862385326 0.08009715653313577 0.10458715596330272
8 0.6678870590916861 0.5055045871559632 0.08132942047979931 0.10825688073394488
8 0.6629580033050317 0.6899082568807339 0.08625847626645403 0.10642201834862383
12 0.3789211635990655 0.43944954128440367 0.09488432389309928 0.2844036697247706
12 0.4824313351188102 0.44587155963302755 0.09981337967975377 0.2935779816513761
7 0.06099706535984957 0.7844036697247706 0.052987349706536 0.16330275229357796
7 0.15772978517294434 0.7816513761467889 0.05175508575987237 0.17247706422018352
10 0.4060309704256653 0.10825688073394496 0.19346543962618953 0.11743119266055047
10 0.17066855661291241 0.16788990825688074 0.18607185594620776 0.13027522935779814
10 0.6346159325317683 0.14036697247706426 0.16019431306627163 0.181651376146789
10 0.8644331585845347 0.14036697247706426 0.15649752122628058 0.181651376146789
10 0.4245149296256197 0.6844036697247706 0.16389110490626252 0.15412844036697243
10 0.42389879765228783 0.8779816513761469 0.17251695253290783 0.2146788990825688
10 0.64200951621175 0.9055045871559634 0.21934298250612577 0.15596330275229364
10 0.8749074021311756 0.9073394495412844 0.21934298250612572 0.14862385321100915
