14 0.8687982359426681 0.12916919799893495 0.033076074972436656 0.07821254190761201
14 0.515986769570011 0.6055546805271171 0.03307607497243659 0.06873223379759842
14 0.42943770672546855 0.601999564985862 0.02535832414553468 0.0521416946050747
14 0.7375964718853362 0.6565113366184402 0.030871003307607482 0.09480308110013574
14 0.6973539140022053 0.7370939555535554 0.03638368246968028 0.07584246488010862
14 0.7072767364939361 0.8887788853137727 0.038588754134509316 0.05688184866008143
14 0.7965821389195149 0.8200466515161742 0.034178610804851246 0.07110231082510168
0 0.30485115766262405 0.36736193926302607 0.04079382579933849 0.35551155412550905
0 0.6675854465270121 0.36143674669426756 0.051819184123484095 0.35314147709800564
11 0.5771775082690188 0.23582266423658768 0.06063947078280051 0.06873223379759842
11 0.6108048511576627 0.340106053446737 0.055126791620727644 0.05925192568758487
11 0.577728776185226 0.4977161757757127 0.057331863285556894 0.06162200271508823
11 0.38919514884233736 0.6150349886371307 0.0485115766262404 0.03555115541255091
11 0.5628445424476296 0.610294834582124 0.04520396912899656 0.02607084730253739
11 0.8169790518191842 0.6114798730958756 0.03969128996692376 0.05214169460507456
11 0.7949283351708931 0.4289839419781143 0.05733186328555675 0.06636215677009502
11 0.9073869900771776 0.13390935205394172 0.05292171995589854 0.04977161757757127
11 0.7337375964718853 0.021330693247530542 0.06725468577728776 0.042661386495061085
11 0.21940463065049612 0.2251573176128224 0.07056229327453142 0.07584246488010862
11 0.25358324145534733 0.3472162845292472 0.061742006615215 0.07821254190761195
11 0.22160970231532523 0.49416106023445766 0.05733186328555678 0.08295269596261882
11 0.18743109151047407 0.601999564985862 0.059536934950385895 0.0805826189351155
10 0.06339581036383682 0.07347238785260521 0.12679162072767364 0.14694477570521042
10 0.201212789415656 0.0746574263663569 0.1378169790518192 0.1493148527327138
10 0.21664829106945976 0.761979764342341 0.12458654906284453 0.18723608517276802
10 0.35667034178610807 0.7536844947460792 0.1201764057331863 0.11850385137516967
10 0.5788313120176406 0.7477593021773208 0.11466372657111357 0.1113936202926594
8 0.1041896361631753 0.5320822926745119 0.05181918412348401 0.09243300407263241
8 0.1014332965821389 0.2204171635578156 0.05071664829106945 0.07584246488010858
8 0.4112458654906284 0.34366116898799204 0.0485115766262404 0.08532277299012214
8 0.8114663726571113 0.6873223379759841 0.05292171995589854 0.07110231082510196
8 0.7861080485115767 0.34840132304299887 0.05292171995589854 0.08058261893511535
12 0.30540242557883135 0.34603124601549545 0.11025358324145533 0.4029130946755769
12 0.6609702315325248 0.3460312460154955 0.11135611907386987 0.4218737108956041
