7 0.1760321100917431 0.30733944954128445 0.0768348623853211 0.07522935779816514
7 0.3331422018348624 0.3119266055045872 0.07683486238532108 0.08807339449541289
7 0.55848623853211 0.3073394495412844 0.07339449541284403 0.07155963302752294
7 0.7121559633027522 0.30733944954128445 0.07798165137614674 0.07889908256880737
7 0.8727064220183485 0.31100917431192665 0.07798165137614674 0.0752293577981651
7 0.8738532110091742 0.7688073394495413 0.08027522935779814 0.08440366972477065
7 0.716169724770642 0.7623853211009174 0.06995412844036693 0.06422018348623851
7 0.5647935779816513 0.771559633027523 0.07454128440366972 0.07889908256880744
7 0.33256880733944955 0.7660550458715596 0.08027522935779821 0.0788990825688073
7 0.1788990825688073 0.7688073394495413 0.07568807339449539 0.07706422018348633
