14 0.5768344170303732 0.5275229357798166 0.11911997862296253 0.14862385321100915
14 0.5752026365012916 0.6990825688073394 0.12891066179745259 0.15412844036697243
13 0.1150405273002583 0.4651376146788991 0.12564710073928922 0.06055045871559635
13 0.314117751848223 0.31100917431192665 0.14196490603010598 0.04954128440366972
10 0.694322615124254 0.8064220183486239 0.1093292954484724 0.042201834862385254
10 0.6967702859178765 0.4651376146788991 0.10769751491939075 0.05321100917431188
10 0.85586888750334 0.5559633027522937 0.1680733944954129 0.06972477064220187
10 0.8599483388260443 0.7192660550458715 0.1697051750244944 0.047706422018348606
12 0.3279878863454173 0.5522935779816514 0.21865859089694484 0.43302752293577984
1 0.12075175915204417 0.8972477064220183 0.20886790772245478 0.08073394495412842
1 0.374493631424245 0.8954128440366972 0.20397256613520973 0.08807339449541289
1 0.6217083815801193 0.9009174311926605 0.2023407856061281 0.08807339449541274
1 0.8754502538523202 0.8990825688073394 0.20070900507704637 0.08073394495412842
8 0.7130880912086933 0.553211009174312 0.09790683174490056 0.0935779816513761
8 0.7122722009441524 0.7183486238532111 0.1060657343903091 0.10458715596330279
