11 0.13820224719101123 0.9068664169787766 0.05842696629213485 0.03995006242197249
11 0.28876404494382024 0.9518102372034956 0.04719101123595504 0.029962546816479405
14 0.1730337078651685 0.13882646691635456 0.029213483146067424 0.04194756554307116
14 0.27191011235955054 0.13682896379525594 0.03146067415730343 0.04194756554307118
14 0.3629213483146067 0.12484394506866417 0.033707865168539325 0.04194756554307116
14 0.46573033707865163 0.13083645443196004 0.03258426966292141 0.03795255930087391
7 0.3966292134831461 0.7600499375780274 0.07640449438202246 0.08988764044943821
7 0.5775280898876405 0.7510611735330837 0.07640449438202246 0.07990012484394499
9 0.2539325842696629 0.8219725343320848 0.11910112359550563 0.1617977528089888
14 0.7943820224719101 0.12284644194756554 0.026966292134831493 0.05792759051186017
1 0.7483146067415731 0.7290886392009988 0.02471910112359538 0.04794007490636688
1 0.7483146067415731 0.7770287141073657 0.02921348314606732 0.04394506866416975
1 0.7477528089887641 0.8249687890137328 0.030337078651685376 0.03995006242197263
1 0.750561797752809 0.8629213483146068 0.033707865168539256 0.03995006242197263
1 0.75 0.9048689138576779 0.030337078651685376 0.04394506866416975
1 0.75 0.9468164794007491 0.030337078651685376 0.04394506866416975
