0 0.30280898876404494 0.5622971285892634 0.10674157303370788 0.26566791510611737
2 0.8382022471910113 0.2706616729088639 0.31011235955056193 0.4734082397003745
1 0.02752808988764045 0.014981273408239702 0.0550561797752809 0.029962546816479405
1 0.08202247191011235 0.017977528089887642 0.049438202247191004 0.035955056179775284
1 0.13146067415730336 0.018976279650436953 0.049438202247191025 0.037952559300873906
1 0.18707865168539325 0.02097378277153558 0.061797752808988735 0.04194756554307116
1 0.248876404494382 0.015980024968789017 0.057303370786516865 0.03196004993757803
1 0.3106741573033707 0.018976279650436953 0.06179775280898877 0.037952559300873906
1 0.36853932584269655 0.01797752808988764 0.05393258426966291 0.03595505617977528
1 0.42134831460674166 0.02097378277153559 0.05393258426966291 0.04194756554307118
1 0.4808988764044944 0.022971285892634207 0.05842696629213478 0.045942571785268414
1 0.5438202247191011 0.020973782771535582 0.06741573033707865 0.041947565543071164
1 0.6162921348314607 0.01797752808988764 0.07752808988764044 0.03595505617977528
1 0.6921348314606742 0.019975031210986267 0.07865168539325851 0.027965043695380776
1 0.7707865168539325 0.019975031210986267 0.07865168539325836 0.039950062421972535
8 0.7028089887640451 0.5972534332084893 0.04382022471910105 0.05193508114856421
8 0.699438202247191 0.6671660424469412 0.04831460674157299 0.06791510611735325
1 0.9646067415730337 0.5275405712341994 0.07078651685393254 0.03955056789364868
