0 0.3833091837954111 0.4435946462715106 0.07643702198852764 0.22944550669216063
0 0.5193221199808795 0.4455066921606118 0.08767776051625241 0.2370936902485659
0 0.6502767238288719 0.754302103250478 0.07081665272466545 0.15487571701720854
14 0.30855827258604207 0.5554493307839388 0.05732776649139581 0.10133843212237097
14 0.30855827258604207 0.6673040152963671 0.05283147108030594 0.09942638623326956
14 0.5963211788957935 0.5564053537284894 0.05507961878585085 0.09942638623326949
14 0.5946350681166348 0.3680688336520077 0.04945924952198851 0.12045889101338435
13 0.38274714686902483 0.6414913957934991 0.048335175669215996 0.021032504780114748
13 0.5210082307600382 0.6376673040152964 0.03709443714149138 0.021032504780114748
13 0.5316869323613767 0.7141491395793499 0.040466658699808845 0.02485659655831739
13 0.8301285402724665 0.7332695984703633 0.03034999402485667 0.021032504780114748
13 0.4327684333173996 0.8585086042065009 0.03597036328871894 0.022944550669216
13 0.20963977354206503 0.8546845124282982 0.04608702796367112 0.030592734225621428
13 0.21020181046845124 0.6768642447418738 0.03372221558317399 0.026768642447418643
11 0.2141360689531549 0.6730401529636711 0.0888018343690248 0.038240917782026713
11 0.21301199510038238 0.8518164435946463 0.09329812978011472 0.04397705544933075
11 0.43726472872848954 0.8623326959847037 0.09891849904397702 0.03824091778202685
11 0.8329387249043978 0.7284894837476099 0.10341479445506692 0.04971319311663478
11 0.5255045261711281 0.6376673040152965 0.09104998207456973 0.04397705544933082
11 0.5305628585086042 0.7151051625239007 0.09217405592734224 0.04588910133843214
11 0.38836751613288717 0.638623326959847 0.09104998207456973 0.04588910133843207
14 0.6884952348231357 0.30975143403441685 0.05957591419694083 0.0841300191204589
14 0.831252614125239 0.30592734225621415 0.05507961878585092 0.0917782026768642
14 0.8278803925669217 0.4196940726577438 0.05732776649139581 0.07839388145315482
14 0.6873711609703633 0.4168260038240918 0.05957591419694069 0.08795411089866156
14 0.6845609763384322 0.5315487571701721 0.05845184034416832 0.08030592734225621
14 0.8312526141252391 0.5305927342256215 0.05732776649139581 0.07074569789674946
14 0.11577960683556406 0.655831739961759 0.044962954110898644 0.09177820267686414
10 0.38443325764818354 0.25239005736137665 0.07194072657743782 0.038240917782026713
10 0.5260665630975143 0.2609942638623327 0.07418887428298276 0.040152963671128104
13 0.05395554493307839 0.6577437858508606 0.042714806405353724 0.022944550669216
11 0.05283147108030594 0.6577437858508604 0.08992590822179734 0.042065009560229426
6 0.260223096916826 0.4359464627151051 0.016861107791586994 0.18738049713193114
6 0.11521756990917784 0.30592734225621415 0.10903516371892927 0.03441682600382414
6 0.3512730789913958 0.788718929254302 0.11353145913001914 0.03250478011472268
8 0.10791108986615679 0.7810707456978969 0.06519628346080304 0.09751434034416817
1 0.9526525902246655 0.4369024856596559 0.07756109584130016 0.11281070745697896
1 0.9481562948135754 0.5583173996175909 0.0820573912523902 0.11854684512428293
1 0.9537766640774379 0.6873804971319311 0.08205739125239006 0.1281070745697896
